2023/06/22 13:00:48 port serial config ...
2023/06/22 13:00:48 port serial Open!
data send: [02 6B 07 00 00 00 00 00 00 00 00 E0 00 00 2E 02 00 0A AA 03]
len: 4, [02 00 00 03]
len: 20, [02 83 07 00 00 00 00 00 02 81 00 E1 00 00 00 02 00 0A EE 03]
readExtraGuardTime response: [E1 00 00 00 02 00 0A]
data send: [02 62 00 00 00 00 02 01 00 00 00 61 03]
len: 4, [02 00 00 03]
len: 32, [02 80 1C 00 00 00 02 01 00 00 00 3B DF 18 FF 81 F1 FE 43 00 3F 07 83 4D 49 46 41 52 45 20 53 41]
len: 9, [4D 20 41 56 33 30 11 A4 03]
iccPowerOn response: [3B DF 18 FF 81 F1 FE 43 00 3F 07 83 4D 49 46 41 52 45 20 53 41 4D 20 41 56 33 30 11]
data send: [02 6F 05 00 00 00 02 02 30 00 00 80 60 00 00 00 BA 03]
len: 4, [02 00 00 03]
len: 32, [02 80 21 00 00 00 02 02 00 00 00 04 01 01 05 00 23 01 04 01 01 05 01 1F 01 04 2C 68 7A 5E 67 80]
len: 14, [99 34 10 00 00 14 08 13 00 A3 90 00 9E 03]
getVersionSAM response: [04 01 01 05 00 23 01 04 01 01 05 01 1F 01 04 2C 68 7A 5E 67 80 99 34 10 00 00 14 08 13 00 A3 90 00]
